33
S1 3 20.5 60.2 21.1 61.5 15.0 55.8
S2 2 25.3 70.1 26.8 72.5
S3 4 18.2 58.9 19.5 60.3 20.1 61.7 10.0 50.0
S4 1 30.0 80.5
S5 5 22.7 65.4 23.5 66.8 24.1 67.2 16.0 59.1 25.0 68.7
S6 6 28.1 75.2 29.3 76.1 30.5 77.0 27.5 74.8 35.0 82.0 29.0 75.5
S7 2 12.5 52.1 13.2 53.5
S8 7 21.8 63.9 22.5 64.7 23.1 65.2 22.8 64.9 17.0 58.5 23.5 66.1 24.0 66.8
S9 3 26.5 71.8 27.1 72.4 33.0 78.1
S10 4 19.8 61.2 20.3 61.9 21.0 62.5 8.5 45.0
S11 5 23.2 66.5 23.8 67.1 24.5 67.8 15.5 58.6 25.2 69.0
S12 2 27.0 73.0 36.0 81.5
S13 3 17.5 57.2 18.0 57.8 9.0 48.5
S14 1 31.5 82.0
S15 4 21.0 62.8 21.6 63.5 22.2 64.1 14.0 56.0
S16 6 29.5 76.5 30.2 77.2 31.0 78.0 28.5 75.8 37.0 83.5 30.0 76.8
S17 2 11.0 50.5 11.8 51.2
S18 5 20.0 61.5 20.7 62.2 21.3 62.8 16.5 59.0 22.0 63.5
S19 3 25.0 70.0 25.8 70.8 34.5 79.5
S20 4 19.0 60.5 19.7 61.1 20.4 61.8 7.0 42.0
S21 2 24.0 68.5 25.5 70.0
S22 3 16.0 55.0 16.8 55.8 8.0 47.0
S23 1 33.0 84.0
S24 4 22.5 64.2 23.0 64.9 23.7 65.6 15.0 57.5
S25 5 27.5 74.5 28.2 75.2 29.0 76.0 26.8 74.0 38.0 85.0
S26 2 10.0 49.0 10.8 49.8
S27 3 21.5 63.2 22.1 63.8 18.0 60.5
S28 4 26.0 71.0 26.6 71.6 32.0 77.0 25.5 70.5
S29 2 17.0 56.5 17.8 57.2
S30 3 23.5 67.0 24.2 67.8 13.0 54.0
S31 1 34.5 85.5
S32 4 20.0 61.8 20.5 62.5 21.2 63.2 12.0 52.0
S33 5 28.0 75.5 28.8 76.3 29.5 77.0 27.0 74.5 39.0 86.0
