50
GEN_STAR_0025 14.86 M5V 3.65 6 14.659 14.846 14.733 14.996 14.832 14.95
GEN_STAR_0010 13.96 M5V 25.13 6 13.953 13.961 13.935 13.967 13.943 13.961
GEN_STAR_0036 10.37 G8III 19.89 7 10.366 10.353 10.383 10.364 10.375 10.385 10.378
GEN_STAR_0016 11.23 M2I 43.14 10 11.218 11.237 11.228 11.212 11.214 11.206 11.234 11.212 11.226 11.229
GEN_STAR_0006 3.67 K0V 12.01 5 3.665 3.676 3.682 3.648 3.65
GEN_STAR_0039 3.12 K0V 48.97 6 3.109 3.111 3.122 3.136 3.125 3.118
GEN_STAR_0003 4.88 G2V 124.84 5 4.869 4.872 4.888 4.896 4.886
GEN_STAR_0017 6.69 G8III 25.26 9 6.685 6.694 6.702 6.671 6.684 6.693 6.699 6.687 6.674
GEN_STAR_0026 8.94 M2I 44.91 9 8.924 8.944 8.956 8.932 8.94 8.916 8.949 8.938 8.951
GEN_STAR_0045 4.67 A0V 24.3 7 4.664 4.654 4.68 4.673 4.663 4.686 4.674
GEN_STAR_0032 6.55 K0V 48.74 8 6.551 6.539 6.526 6.564 6.556 6.549 6.533 6.53
GEN_STAR_0023 11.69 A3III 37.89 10 11.666 11.722 11.659 11.688 11.68 11.681 11.68 11.694 11.684 11.67
CYG-X1-VAR 8.9 O9I 5.2 7 8.85 8.92 8.88 8.95 8.86 8.9 8.94
GEN_STAR_0038 9.53 O5V 38.65 8 9.516 9.544 9.507 9.529 9.524 9.518 9.518 9.52
GEN_STAR_0013 14.51 M5V 23.36 6 14.498 14.526 14.505 14.486 14.488 14.522
GEN_STAR_0041 3.92 K1III 25.07 9 3.931 3.916 3.903 3.925 3.896 3.901 3.924 3.911 3.921
GEN_STAR_0021 11.85 K0V 33.39 10 11.758 11.823 11.838 11.761 11.865 11.83 11.802 11.782 11.841 11.854
GEN_STAR_0009 14.98 G8III 28.16 8 14.985 14.966 14.976 14.992 14.975 14.99 14.96 14.966
GEN_STAR_0046 5.34 G2V 42.49 9 5.352 5.321 5.324 5.334 5.356 5.336 5.328 5.321 5.341
GEN_STAR_0042 13.91 M2I 15.68 10 13.905 13.893 13.909 13.912 13.921 13.924 13.908 13.9 13.919 13.922
HIP71683 -0.05 K1III 88.8 6 -0.05 -0.04 -0.06 -0.05 -0.04 -0.05
GEN_STAR_0024 11.09 A0V 48.24 6 11.082 11.104 11.092 11.085 11.083 11.071
GEN_STAR_0029 12.35 K0V 12.9 8 12.336 12.348 12.327 12.321 12.334 12.366 12.363 12.351
GEN_STAR_0012 3.85 A0V 31.95 6 3.837 3.851 3.821 3.864 3.834 3.827
GEN_STAR_0028 14.99 G8III 4.3 5 14.978 14.982 15.003 14.995 14.976
GEN_STAR_0030 9.29 F5V 4.79 6 9.299 9.278 9.288 9.303 9.286 9.284
GEN_STAR_0018 10.95 A3III 38.07 8 10.941 10.923 10.956 10.939 10.963 10.964 10.941 10.936
GEN_STAR_0011 11.37 M2I 38.4 6 11.366 11.341 11.375 11.372 11.373 11.35
GEN_STAR_0040 10.99 K1III 26.68 5 10.985 11.0 10.978 10.999 10.992
GEN_STAR_0033 12.23 M2I 33.92 6 12.227 12.215 12.242 12.22 12.222 12.219
GEN_STAR_0034 8.79 B1V 29.56 10 8.791 8.775 8.761 8.774 8.771 8.797 8.784 8.779 8.764 8.785
GEN_STAR_0001 7.21 F5V 82.59 7 7.009 7.02 7.086 7.426 7.227 7.307 7.262
GEN_STAR_0043 14.33 K0V 18.23 7 14.334 14.316 14.318 14.321 14.341 14.315 14.329
GEN_STAR_0027 11.32 F5V 25.54 10 11.321 11.311 11.314 11.332 11.309 11.334 11.334 11.311 11.334 11.33
GEN_STAR_0002 9.42 M2I 75.31 9 9.397 9.428 9.406 9.414 9.432 9.434 9.403 9.405 9.41
GEN_STAR_0005 6.66 K1III 133.39 8 6.643 6.671 6.657 6.673 6.634 6.644 6.647 6.642
GEN_STAR_0035 7.49 A0V 24.38 6 7.495 7.476 7.491 7.479 7.491 7.481
HIP87937 0.03 A0V 128.9 8 0.01 0.04 0.0 0.08 0.02 0.05 0.03 0.07
HD5001_S 4.5 B1I 0.5 5 4.51 4.5 4.49 4.52 4.5
GEN_STAR_0004 8.23 B1V 147.28 6 8.216 8.22 8.239 8.214 8.216 8.243
GEN_STAR_0019 14.07 A3III 43.14 7 13.91 14.072 13.924 14.077 14.157 14.12 14.103
GEN_STAR_0037 13.51 K1III 1.25 10 13.515 13.504 13.488 13.513 13.487 13.522 13.493 13.522 13.498 13.504
GEN_STAR_0020 7.74 F5V 43.1 9 7.729 7.755 7.734 7.755 7.72 7.733 7.731 7.747 7.725
GEN_STAR_0008 14.45 F5V 40.85 7 14.444 14.462 14.437 14.434 14.449 14.469 14.428
GEN_STAR_0007 14.63 O5V 39.02 9 14.619 14.643 14.612 14.621 14.606 14.637 14.619 14.629 14.629
GEN_STAR_0015 6.37 O5V 25.12 8 6.362 6.368 6.382 6.363 6.356 6.353 6.371 6.364
GEN_STAR_0014 9.1 A3III 4.71 8 8.871 9.213 9.079 8.948 9.052 8.956 9.155 9.143
GEN_STAR_0044 14.28 M5V 37.12 9 14.269 14.291 14.269 14.293 14.27 14.26 14.278 14.294 14.285
GEN_STAR_0022 11.23 M2I 42.06 6 11.229 11.237 11.218 11.238 11.209 11.224
GEN_STAR_0031 9.94 A3III 14.59 7 9.932 9.921 9.948 9.957 9.955 9.955 9.926
